[[ 2.46958929]
 [-0.16537966]]
[[ 2.48939358]
 [-0.40225835]]
[[ 2.47949143]
 [-0.283819  ]]
[[ 2.47329471]
 [-0.15899326]]
[[ 2.48530014]
 [-0.40828405]]
[[ 2.47929743]
 [-0.28363866]]
[[ 2.48056802]
 [-0.15587202]]
[[ 2.48091914]
 [-0.41221311]]
[[ 2.48074358]
 [-0.28404256]]
[[ 2.48480774]
 [-0.15608525]]
[[ 2.47612524]
 [-0.41695025]]
[[ 2.48046649]
 [-0.28651775]]
[[ 2.48862807]
 [-0.15563625]]
[[ 2.47063803]
 [-0.42808139]]
[[ 2.47963305]
 [-0.29185882]]
[[ 2.49199375]
 [-0.15550677]]
[[ 2.46497829]
 [-0.44428596]]
[[ 2.47848602]
 [-0.29989637]]
[[ 2.49890029]
 [-0.15615505]]
[[ 2.46119751]
 [-0.45802522]]
[[ 2.4800489 ]
 [-0.30709013]]
[[ 2.51957417]
 [-0.15033605]]
[[ 2.46035254]
 [-0.47275003]]
[[ 2.48996336]
 [-0.31154304]]
[[ 2.55564095]
 [-0.13507212]]
[[ 2.46446012]
 [-0.48307773]]
[[ 2.51005053]
 [-0.30907492]]
[[ 2.60693339]
 [-0.10907342]]
[[ 2.47448071]
 [-0.48770509]]
[[ 2.54070705]
 [-0.29838925]]
[[ 2.66750556]
 [-0.08030087]]
[[ 2.49103005]
 [-0.48746439]]
[[ 2.5792678 ]
 [-0.28388263]]
[[ 2.73534498]
 [-0.05344391]]
[[ 2.51626593]
 [-0.4790443 ]]
[[ 2.62580546]
 [-0.2662441 ]]
[[ 2.81275456]
 [-0.02843586]]
[[ 2.54938917]
 [-0.46577423]]
[[ 2.68107187]
 [-0.24710504]]
[[ 2.89891709]
 [-0.00525186]]
[[ 2.59251166]
 [-0.44596366]]
[[ 2.74571438]
 [-0.22560776]]
[[3.00236917]
 [0.01824335]]
[[ 2.64414651]
 [-0.42121705]]
[[ 2.82325784]
 [-0.20148685]]
[[3.112491  ]
 [0.04158776]]
[[ 2.70438176]
 [-0.39409226]]
[[ 2.90843638]
 [-0.17625225]]
[[3.22112667]
 [0.06170143]]
[[ 2.77276416]
 [-0.3636507 ]]
[[ 2.99694541]
 [-0.15097464]]
[[3.34153424]
 [0.08367299]]
[[ 2.84766609]
 [-0.32601944]]
[[ 3.09460017]
 [-0.12117322]]
[[3.48162405]
 [0.10293688]]
[[ 2.92900528]
 [-0.2864426 ]]
[[ 3.20531467]
 [-0.09175286]]
[[3.60870566]
 [0.11860387]]
[[ 3.01591186]
 [-0.24407729]]
[[ 3.31230876]
 [-0.06273671]]
[[3.73590594]
 [0.12986086]]
[[ 3.10788869]
 [-0.19986182]]
[[ 3.42189731]
 [-0.03500048]]
[[3.85495252]
 [0.13622911]]
[[ 3.20464803]
 [-0.15987957]]
[[ 3.52980028]
 [-0.01182523]]
[[3.98172671]
 [0.13953896]]
[[ 3.30626665]
 [-0.12314888]]
[[3.64399668]
 [0.00819504]]
[[4.10840291]
 [0.13695086]]
[[ 3.41091774]
 [-0.09404558]]
[[3.75966033]
 [0.02145264]]
[[4.20808309]
 [0.12427394]]
[[ 3.5170453 ]
 [-0.07499561]]
[[3.8625642 ]
 [0.02463916]]
[[4.32183301]
 [0.09960256]]
[[ 3.62414447]
 [-0.0631263 ]]
[[3.97298874]
 [0.01823813]]
[[4.43763815]
 [0.06801233]]
[[ 3.73161574]
 [-0.04516166]]
[[4.08462695]
 [0.01142533]]
[[4.57587981]
 [0.03202668]]
[[ 3.83876201]
 [-0.03677542]]
[[ 4.20732091e+00]
 [-2.37436959e-03]]
[[ 4.68926607e+00]
 [-2.90006716e-03]]
[[ 3.94480322]
 [-0.03906665]]
[[ 4.31703464]
 [-0.02098336]]
[[ 4.82485103]
 [-0.04190336]]
[[ 4.05308609]
 [-0.05689544]]
[[ 4.43896856]
 [-0.0493994 ]]
[[ 4.95253704]
 [-0.08198807]]
[[ 4.16049047]
 [-0.08597678]]
[[ 4.55651376]
 [-0.08398242]]
[[ 5.09380927]
 [-0.1254157 ]]
[[ 4.26758989]
 [-0.12358734]]
[[ 4.68069958]
 [-0.12450152]]
[[ 5.23011553]
 [-0.17039708]]
[[ 4.37436286]
 [-0.16766712]]
[[ 4.80223919]
 [-0.1690321 ]]
[[ 5.34548362]
 [-0.21729877]]
[[ 4.47871759]
 [-0.21814975]]
[[ 4.91210061]
 [-0.21772426]]
[[ 5.54188063]
 [-0.27903745]]
[[ 4.58370131]
 [-0.27259697]]
[[ 5.06279097]
 [-0.27581721]]
[[ 5.74053812]
 [-0.33393238]]
[[ 4.6903113 ]
 [-0.31256289]]
[[ 5.21542471]
 [-0.32324764]]
[[ 5.93605932]
 [-0.37601572]]
[[ 4.79684162]
 [-0.35782197]]
[[ 5.36645047]
 [-0.36691885]]
[[ 6.17350901]
 [-0.42721528]]
[[ 4.90291265]
 [-0.41756822]]
[[ 5.53821083]
 [-0.42239175]]
[[ 6.29132919]
 [-0.46747112]]
[[ 5.00980618]
 [-0.48140354]]
[[ 5.65056768]
 [-0.47443733]]
[[ 6.58948483]
 [-0.5189479 ]]
[[ 5.11637355]
 [-0.54540244]]
[[ 5.85292919]
 [-0.53217517]]
[[ 6.69714127]
 [-0.54703307]]
[[ 5.22247165]
 [-0.60643263]]
[[ 5.95980646]
 [-0.57673285]]
[[ 6.91497729]
 [-0.5650905 ]]
[[ 5.33108673]
 [-0.66756685]]
[[ 6.12303201]
 [-0.61632868]]
[[ 7.11984022]
 [-0.57157127]]
[[ 5.44362813]
 [-0.72634861]]
[[ 6.28173417]
 [-0.64895994]]
[[ 7.37958385]
 [-0.57649559]]
[[ 5.55814192]
 [-0.78190941]]
[[ 6.46886289]
 [-0.6792025 ]]
[[ 7.54097746]
 [-0.56182335]]
[[ 5.67334438]
 [-0.83108976]]
[[ 6.60716092]
 [-0.69645656]]
[[ 7.60180127]
 [-0.54156425]]
[[ 5.79094705]
 [-0.87222779]]
[[ 6.69637416]
 [-0.70689602]]
[[ 7.6327855 ]
 [-0.51879265]]
[[ 5.90925477]
 [-0.93096288]]
[[ 6.77102014]
 [-0.72487776]]
[[ 7.67119784]
 [-0.49201283]]
[[ 6.02780721]
 [-0.98082348]]
[[ 6.84950252]
 [-0.73641816]]
[[ 7.7176176 ]
 [-0.46607103]]
[[ 6.15031841]
 [-1.02085756]]
[[ 6.93396801]
 [-0.74346429]]
[[ 7.79943732]
 [-0.43809998]]
[[ 6.27534384]
 [-1.05564703]]
[[ 7.03739058]
 [-0.7468735 ]]
[[ 7.84773278]
 [-0.41331903]]
[[ 6.39988797]
 [-1.0986755 ]]
[[ 7.12381037]
 [-0.75599726]]
[[ 8.00620539]
 [-0.3842613 ]]
[[ 6.52335906]
 [-1.13644504]]
[[ 7.26478223]
 [-0.76035317]]
[[ 8.16764402]
 [-0.34873346]]
[[ 6.6425388 ]
 [-1.17727747]]
[[ 7.40509141]
 [-0.76300547]]
[[ 8.31443633]
 [-0.31499775]]
[[ 6.75825109]
 [-1.21722924]]
[[ 7.53634371]
 [-0.76611349]]
[[ 8.43164126]
 [-0.28318381]]
[[ 6.85961135]
 [-1.20696612]]
[[ 7.6456263 ]
 [-0.74507497]]
[[ 8.57711057]
 [-0.24859178]]
[[ 6.95574318]
 [-1.15396836]]
[[ 7.76642687]
 [-0.70128007]]
[[ 8.72961161]
 [-0.2130658 ]]
[[ 7.0526615 ]
 [-1.08641286]]
[[ 7.89113655]
 [-0.64973933]]
[[ 8.8907999 ]
 [-0.18194059]]
[[ 7.15124219]
 [-1.00439226]]
[[ 8.02102104]
 [-0.59316642]]
[[ 8.98657049]
 [-0.16136208]]
[[ 7.25172371]
 [-0.9148959 ]]
[[ 8.1191471 ]
 [-0.53812899]]
[[ 9.03713963]
 [-0.14650525]]
[[ 7.35254755]
 [-0.82160708]]
[[ 8.19484359]
 [-0.48405616]]
[[ 9.12985019]
 [-0.13868853]]
[[ 7.45218894]
 [-0.72818949]]
[[ 8.29101957]
 [-0.43343901]]
[[ 9.21068255]
 [-0.13364235]]
[[ 7.55295048]
 [-0.62477487]]
[[ 8.38181651]
 [-0.37920861]]
[[ 9.30763108]
 [-0.1347221 ]]
[[ 7.653894 ]
 [-0.4750525]]
[[ 8.48076254]
 [-0.3048873 ]]
[[ 9.45950805]
 [-0.13893058]]
[[ 7.75086283]
 [-0.29382106]]
[[ 8.60518544]
 [-0.21637582]]
[[ 9.58541579]
 [-0.15823272]]
[[ 7.85410456]
 [-0.12289624]]
[[ 8.71976017]
 [-0.14056448]]
[[ 9.69304918]
 [-0.19401204]]
[[7.97612232e+00]
 [3.82979092e-03]]
[[ 8.83458575]
 [-0.09509112]]
[[ 9.81645402]
 [-0.23309273]]
[[8.10376554]
 [0.08789195]]
[[ 8.96010978]
 [-0.07260039]]
[[ 9.95620104]
 [-0.27988194]]
[[8.22921797]
 [0.14427442]]
[[ 9.0927095 ]
 [-0.06780376]]
[[10.14606188]
 [-0.32660307]]
[[8.35262415]
 [0.17060337]]
[[ 9.24934302]
 [-0.07799985]]
[[10.30011353]
 [-0.37288113]]
[[8.47308078]
 [0.17845177]]
[[ 9.38659716]
 [-0.09721468]]
[[10.39625864]
 [-0.4115518 ]]
[[8.59198437]
 [0.16942433]]
[[ 9.49412151]
 [-0.12106374]]
[[10.56956314]
 [-0.45286684]]
[[8.70653141]
 [0.14576769]]
[[ 9.63804727]
 [-0.15354958]]
[[10.61873143]
 [-0.49098627]]
[[8.81701286]
 [0.09149854]]
[[ 9.71787215]
 [-0.19974387]]
[[10.79442287]
 [-0.55362555]]
[[ 8.92939156e+00]
 [-8.51246590e-03]]
[[ 9.86190722]
 [-0.28106901]]
[[10.94856373]
 [-0.61160481]]
[[ 9.05208766]
 [-0.15024112]]
[[10.0003257 ]
 [-0.38092297]]
[[11.0882885 ]
 [-0.65852042]]
[[ 9.17139523]
 [-0.29357792]]
[[10.12984186]
 [-0.47604917]]
[[11.21927363]
 [-0.70109641]]
[[ 9.28966841]
 [-0.44551065]]
[[10.25447102]
 [-0.57330353]]
[[11.35525145]
 [-0.73680039]]
[[ 9.40465291]
 [-0.60137284]]
[[10.37995218]
 [-0.66908662]]
[[11.59009669]
 [-0.77454279]]
[[ 9.51926302]
 [-0.75664639]]
[[10.55467985]
 [-0.76559459]]
[[11.78283741]
 [-0.80875266]]
[[ 9.63566857]
 [-0.89636618]]
[[10.70925299]
 [-0.85255942]]
[[11.93333262]
 [-0.83279501]]
[[ 9.74978557]
 [-1.03354574]]
[[10.84155909]
 [-0.93317038]]
[[11.98013839]
 [-0.84549338]]
[[ 9.86166388]
 [-1.16832087]]
[[10.92090113]
 [-1.00690712]]
[[12.01784681]
 [-0.85467831]]
[[ 9.97352096]
 [-1.29600343]]
[[10.99568389]
 [-1.07534087]]
[[12.122666  ]
 [-0.85574899]]
[[10.08607253]
 [-1.40918253]]
[[11.10436926]
 [-1.13246576]]
[[12.20514866]
 [-0.85022339]]
[[10.1995966]
 [-1.511742 ]]
[[11.20237263]
 [-1.1809827 ]]
[[12.30175139]
 [-0.8378758 ]]
[[10.31535817]
 [-1.59671221]]
[[11.30855478]
 [-1.21729401]]
[[12.38172626]
 [-0.82159783]]
[[10.43606581]
 [-1.66005133]]
[[11.40889604]
 [-1.24082458]]
[[12.46961179]
 [-0.80527778]]
[[10.55728745]
 [-1.66033602]]
[[11.51344962]
 [-1.2328069 ]]
[[12.52851433]
 [-0.7772878 ]]
[[10.67845401]
 [-1.62776   ]]
[[11.60348417]
 [-1.2025239 ]]
[[12.60768225]
 [-0.75354582]]
[[10.80147781]
 [-1.57572947]]
[[11.70458003]
 [-1.16463764]]
[[12.67785703]
 [-0.72075117]]
[[10.92388157]
 [-1.52984851]]
[[11.8008693 ]
 [-1.12529984]]
[[12.86575931]
 [-0.69061468]]
[[11.0309275 ]
 [-1.51913219]]
[[11.9483434 ]
 [-1.10487344]]
[[12.94317328]
 [-0.65701069]]
[[11.11414522]
 [-1.54799169]]
[[12.02865925]
 [-1.10250119]]
[[12.98772382]
 [-0.61287119]]
[[11.20341184]
 [-1.56403835]]
[[12.09556783]
 [-1.08845477]]
[[13.16161876]
 [-0.57834395]]
[[11.29487358]
 [-1.57136388]]
[[12.22824617]
 [-1.07485392]]
[[13.39408191]
 [-0.54575177]]
[[11.39043437]
 [-1.57784795]]
[[12.39225814]
 [-1.06179986]]
[[13.59558836]
 [-0.51566357]]
[[11.46666967]
 [-1.6338538 ]]
[[12.53112901]
 [-1.07475869]]
[[13.7568681 ]
 [-0.48903412]]
[[11.50561439]
 [-1.74449007]]
[[12.63124125]
 [-1.1167621 ]]
[[13.9585511 ]
 [-0.46339117]]
[[11.47258107]
 [-1.75674225]]
[[12.71556609]
 [-1.11006671]]
[[14.03984923]
 [-0.44402833]]
[[11.3756728 ]
 [-1.67643492]]
[[12.70776102]
 [-1.06023163]]
[[14.19082863]
 [-0.42858362]]
[[11.2685333 ]
 [-1.52501989]]
[[12.72968096]
 [-0.97680175]]
[[14.57656908]
 [-0.41810942]]
[[11.14723839]
 [-1.28035527]]
[[12.86190373]
 [-0.84923235]]
[[14.69944628]
 [-0.41255317]]
[[11.05167615]
 [-0.95324598]]
[[12.87556122]
 [-0.68289957]]
[[14.9529653]
 [-0.4126209]]
[[10.99207952]
 [-0.57408118]]
[[12.97252241]
 [-0.49335104]]
[[15.2021763 ]
 [-0.42486284]]
[[10.94818364]
 [-0.2478752 ]]
[[13.07517997]
 [-0.33636902]]
[[15.5755779 ]
 [-0.44586775]]
[[10.92004969]
 [ 0.06631774]]
[[13.2478138]
 [-0.189775 ]]
[[15.88341149]
 [-0.48005584]]
[[10.90584694]
 [ 0.37790338]]
[[13.39462921]
 [-0.05107623]]
[[16.07624298]
 [-0.51569695]]
[[10.90749825]
 [ 0.74828274]]
[[13.49187062]
 [ 0.11629289]]
[[15.99013494]
 [-0.54641435]]
[[10.96369846]
 [ 1.18151843]]
[[13.4769167 ]
 [ 0.31755204]]
[[16.27148221]
 [-0.6026833 ]]
[[11.06094273]
 [ 1.55135388]]
[[13.66621247]
 [ 0.47433529]]
[[16.40342187]
 [-0.65553982]]
[[11.26159341]
 [ 1.76354515]]
[[13.83250764]
 [ 0.55400267]]
[[16.49977598]
 [-0.71106629]]
[[11.48836616]
 [ 1.86873493]]
[[13.99407107]
 [ 0.57883432]]
[[16.74924982]
 [-0.77430164]]
[[11.74571  ]
 [ 1.8649592]]
[[14.24747991]
 [ 0.54532878]]
[[16.92464861]
 [-0.84057585]]
[[11.9980583 ]
 [ 1.77602381]]
[[14.46135346]
 [ 0.46772398]]
[[17.05622371]
 [-0.8994809 ]]
[[12.23998994]
 [ 1.61811731]]
[[14.64810682]
 [ 0.35931821]]
[[17.2849536 ]
 [-0.95910707]]
[[12.46604247]
 [ 1.48171331]]
[[14.87549803]
 [ 0.26130312]]
[[17.34408739]
 [-1.02054121]]
[[12.67258177]
 [ 1.32321056]]
[[15.00833458]
 [ 0.15133467]]
[[17.54253836]
 [-1.071837  ]]
[[12.86432845]
 [ 1.1281887 ]]
[[15.20343341]
 [ 0.02817585]]
[[17.66191818]
 [-1.098068  ]]
[[13.04885143]
 [ 0.91315966]]
[[15.35538481]
 [-0.09245417]]
[[17.66191822]
 [-1.098068  ]]
[[13.2297413 ]
 [ 0.65809295]]
[[15.44582976]
 [-0.21998752]]
[[17.86257457]
 [-1.13512298]]
[[13.41301353]
 [ 0.33969897]]
[[15.63779405]
 [-0.39771201]]
[[18.02202822]
 [-1.16491967]]
[[13.58302069]
 [ 0.02031917]]
[[15.80252446]
 [-0.57230025]]
[[18.05117668]
 [-1.17914101]]
[[13.74120487]
 [-0.28898702]]
[[15.89619077]
 [-0.73406402]]
[[18.19869946]
 [-1.18998969]]
[[13.88795891]
 [-0.60235147]]
[[16.04332919]
 [-0.89617058]]
[[18.27462919]
 [-1.18995406]]
[[14.0261949 ]
 [-0.88849035]]
[[16.15041204]
 [-1.0392222 ]]
[[18.39247978]
 [-1.21075231]]
[[14.16133676]
 [-1.13425017]]
[[16.27690827]
 [-1.17250124]]
[[18.47434199]
 [-1.22308959]]
[[14.29134384]
 [-1.34676868]]
[[16.38284291]
 [-1.28492914]]
[[18.55970312]
 [-1.23095263]]
[[14.41982783]
 [-1.50270268]]
[[16.48976548]
 [-1.36682765]]
[[18.55611783]
 [-1.20600005]]
[[14.54531419]
 [-1.60431962]]
[[16.55071601]
 [-1.40515984]]
[[18.62133316]
 [-1.17418027]]
[[14.65969819]
 [-1.69893895]]
[[16.64051567]
 [-1.43655961]]
